55
56
57
58
59
60
62
65
67
69
70
72
75
76
77
78
79
81
85
88
94
95
96
97
98
99
100
101
102
104
105
107
109
111
112
115
117
123
124
125
128
133
135
137
139
140
143
144
147
149
150
153
155
157
159
162
163
164
165
166
168
169
170
173
175
176
177
178
179
180
181
184
185
186
188
190
193
194
195
196
198
199
202
203
204
205
206
213
214
216
217
219
221
229
230
231
233
234
236
237
244
245
247
248
254
257
258
260
261
262
264
266
267
268
276
278
279
280
283
284
285
287
288
290
291
292
294
295
298
299
302
303
306
310
311
312
313
317
319
321
323
327
329
330
331
332
335
341
342
344
348
351
352
355
357
358
359
361
363
365
367
368
370
371
373
374
378
381
382
385
386
393
394
395
397
398
400
402
403
404
405
406
407
409
413
414
415
416
420
422
425
428
429
430
433
435
437
439
440
441
442
444
445
447
448
449
454
456
459
460
466
467
468
469
474
475
477
480
482
483
488
490
491
492
495
497
498
499
500
501
502
504
505
511
514
516
517
518
521
523
524
526
527
528
529
531
532
533
534
535
536
538
539
540
542
546
547
549
552
554
556
557
558
560
561
562
565
567
569
570
577
578
579
581
582
583
584
587
590
593
596
597
601
602
604
605
611
616
617
622
624
629
632
633
635
640
641
644
645
646
649
650
651
658
659
661
663
664
669
670
677
683
684
685
689
695
697
699
702
703
705
709
712
713
714
715
717
722
723
724
725
726
728
729
731
734
735
736
737
738
748
753
755
756
757
758
762
766
769
770
771
773
774
775
776
778
779
780
782
783
784
785
786
787
789
790
791
793
796
799
800
801
802
803
804
805
808
810
811
812
814
815
817
818
819
823
825
826
827
831
1295
1308
1315
1407
1468
1560
1583
1590
1591
1633
1654
1683
1771
1790
1843
1933
1989
2002
2012
2020
2056
2079
2119
2132
2156
2158
2159
2160
2161
2162
2163
2165
2168
2170
2174
2176
2179
2182
2185
2189
2196
2198
2203
2209
2210
2212
2216
2217
2218
2219
2222
2229
2231
2238
2239
2240
2244
2247
2252
2254
2255
2256
2257
2258
2259
2261
2265
2267
2273
2280
2281
2288
2290
2306
2314
2316
2318
2320
2330
2332
2344
2346
2354
2362
2364
2366
2373
2381
2383
2385
2388
2395
2412
2418
2432
2436
2438
2440
2448
2450
2458
2462
2466
2472
2476
2482
2484
2490
2494
2504
2510
2512
2524
2526
2544
2548
2554
2558
2563
2564
2568
2581
2585
2599
2603
2607
2609
2621
2623
2629
2631
2633
2635
2637
2639
2643
2653
2655
2657
2661
2665
2679
2694
2698
2709
2711
2713
2717
2719
2727
2729
2735
2737
2749
2760
2761
2768
2773
2775
2780
2783
2794
2797
2800
2821
2828
2830
2834
2836
2838
2844
2871
2873
2886
2888
2890
2892
2900
2911
2913
2923
2925
2931
2933
2939
2949
2951
2962
2964
2970
2972
2974
2978
2980
2982
2990
2998
3035
3038
3039
3047
3048
3054
3056
3058
3060
3070
3087
3097
3107
3114
3132
3141
3143
3145
3147
3153
3155
3159
3163
3170
3180
3184
3190
3192
3196
3201
3217
3219
3221
3223
3225
3229
3234
3238
3242
3244
3246
3254
3260
3272
3295
3297
3303
3305
3307
3311
3317
3323
3325
3326
3333
3335
3339
3345
3349
3351
3361
3363
3378
3380
3384
3396
3402
3406
3413
3415
3425
3427
3434
3442
3446
3450
3452
3459
3474
3484
3490
3495
3506
3512
3513
3521
3525
3527
3529
3535
3537
3561
3581
3588
3607
3611
3617
3620
3641
3649
3657
3665
3667
3673
3675
3685
3687
3706
3710
3724
3728
3746
3756
3765
3767
3787
3793
3794
3799
3801
3809
3813
3817
3823
3825
3829
3835
3837
3845
3871
3874
3878
3888
3894
3896
3900
3904
3906
3910
3918
3925
3926
3927
3937
3945
3957
3964
3970
3972
3974
3976
3978
3980
3984
3990
3995
4021
4022
4023
4035
4037
4041
4047
4057
4072
4073
4079
4083
4087
4097
4108
4127
4130
4145
4151
4155
4161
4163
4169
4173
4181
4183
4187
4189
4195
4203
4204
4222
4226
4228
4230
4234
4236
4243
4255
4257
4259
4261
4263
4266
4276
4280
4284
4303
4309
4322
4323
4325
4331
4333
4335
4339
4343
4360
4366
4382
4386
4391
4395
4397
4401
4403
4418
4422
4426
4428
4440
4444
4448
4451
4453
4469
4475
4482
4484
4486
4492
4498
4502
4506
4515
4516
4519
4522
4528
4530
4540
4542
4544
4558
4571
4579
4589
4591
4597
4603
4608
4610
4612
4622
4626
4630
4634
4636
4639
4641
4647
4649
4655
4661
4671
4673
4692
4694
4700
4708
4712
4714
4718
4727
4735
4745
4755
4756
4758
4760
4762
4764
4766
4770
4774
4776
4778
4780
4784
4788
4790
4798
4800
4804
4808
4812
4820
4822
4834
4836
4840
4842
4854
4855
4856
4868
4874
4878
4880
4886
4890
4896
4904
4906
4912
4934
4940
4956
4960
4964
4966
4968
4970
4972
4980
4988
4996
4998
5008
5010
5016
5018
5020
5045
5047
5049
5050
5062
5064
5068
5072
5081
5089
5095
5105
5122
5124
5134
5138
5145
5151
5158
5162
5164
5166
5170
5172
5174
5180
5184
5191
5194
5196
5198
5200
5204
5206
5216
5224
5228
5229
5231
5239
5243
5249
5272
5284
5286
5291
5294
5308
5312
5314
5315
5336
5338
5362
5370
5376
5377
5378
5382
5386
5390
5394
5400
5406
5408
5409
5410
5411
5413
5423
5437
5439
5450
5456
5460
5464
5466
5468
5478
5482
5483
5489
5491
5496
5500
5510
5512
5514
5518
5525
5529
5533
5535
5545
5554
5555
5565
5569
5571
5573
5575
5576
5579
5581
5587
5589
5595
5597
5601
5609
5611
5613
5615
5625
5629
5633
5635
5642
5646
5648
5652
5660
5662
5664
5666
5678
5686
5689
5694
5700
5708
5715
5723
5745
5748
5750
5752
5756
5770
5783
5789
5791
5795
5797
5801
5803
5808
5811
5812
5817
5818
5819
5820
5823
5824
5831
5840
5846
5857
5858
5861
5863
5866
5874
5877
5879
5889
5892
5895
5900
5906
5910
5913
5914
5915
5917
5925
5926
5935
5937
5938
5940
5945
5952
5957
5959
5962
5964
5967
5968
5978
5986
5987
5988
5996
6001
6002
6005
6006
6009
6019
6033
6041
6043
6045
6046
6047
6051
6053
6054
6057
6058
6077
6093
6094
6097
6098
6101
6108
6109
6118
6120
6139
6141
6149
6151
6155
6157
6160
6168
6170
6177
6180
6181
6183
6184
6185
6188
6193
6194
6199
6201
6212
6213
6216
6220
6221
6226
6232
6233
6239
6249
6254
6257
6269
6274
6282
6283
6284
6286
6292
6299
6302
6305
6312
6313
6316
6317
6318
6327
6332
6333
6338
6340
6347
6352
6355
6357
6363
6372
6375
6380
6385
6386
6389
6398
6401
6408
6411
6412
6413
6414
6415
6416
6417
6425
6431
6433
6443
6449
6450
6453
6465
6470
6475
6484
6501
6504
6509
6511
6518
6519
6523
6525
6526
6529
6534
6536
6546
6552
6554
6555
6560
6563
6567
6572
6573
6576
6593
6599
6602
6607
6609
6610
6611
6614
6615
6622
6635
6647
6655
6656
6662
6669
6670
6683
6686
6694
6695
6701
6702
6705
6707
6712
6715
6716
6717
6719
6723
6726
6733
6736
6745
6747
6753
6762
6763
6777
6780
6791
6794
6801
6805
6808
6809
6810
6813
6816
6818
6819
6823
6825
6828
6829
6831
6845
6848
6857
6862
6863
6868
6873
6879
6881
6883
6885
6889
6891
6894
6897
6904
6906
6907
6910
6916
6918
6923
6929
6935
6941
6943
6945
6947
6948
6954
6957
6964
6965
6966
6968
6987
6988
6990
6991
6996
7000
7015
7016
7017
7021
7024
7030
7031
7034
7041
7042
7045
7048
7049
7057
7059
7063
7067
7069
7072
7076